
[[84.018768, 39.438293, 78.309921, 79.844002]
 [91.164734, 19.755136, 33.522274, 76.822960]
 [27.777472, 55.396996, 47.739704, 62.887093]]

+
[[-8.112931, 0.804055, 27.133783, 24.971704]
 [8.142704, 13.037816, -21.503847, 6.418133]
 [-29.021965, -15.426794, -21.766106, 18.250605]]

=
[[75.905838, 40.242348, 105.443703, 104.815704]
 [99.307434, 32.792953, 12.018427, 83.241089]
 [-1.244493, 39.970200, 25.973598, 81.137695]]

*
[[-0.686642, -0.198111, -0.740419, -0.782382]
 [0.997849, -0.563486, 0.025865, 0.678224]
 [0.225280, -0.407937, 0.275105, 0.048574]]

=
[[-52.120121, -7.972460, -78.072533, -82.005959]
 [99.093826, -18.478378, 0.310854, 56.456142]
 [-0.280359, -16.305313, 7.145454, 3.941213]]

First slice (owner=No) (Backed by 't5'=Yes): 
[[-7.972460, -78.072533]
 [-18.478378, 0.310854]]

Second slice (owner=No) (Backed by 't5'=Yes): 
[[0.310854, 56.456142]
 [7.145454, 3.941213]]

Sum (owner=Yes) (Backed by 't5'=No): 
[[-7.661606, -21.616390]
 [-11.332924, 4.252068]]

The square matrix A: (owner=Yes): 
[[-0.025668, 1.891100, -0.829933]
 [1.085431, 0.106980, 1.079655]
 [-0.399086, 1.566118, -0.866741]]

Transposition matrix A': (owner=No) (Backed by 'tn_sq'=Yes): 
[[-0.025668, 1.085431, -0.399086]
 [1.891100, 0.106980, 1.566118]
 [-0.829933, 1.079655, -0.866741]]

Symmetric matrix (A+A'): (owner=Yes) (Backed by 'tn_sq'=No): 
[[-0.051336, 2.976531, -1.229018]
 [2.976531, 0.213960, 2.645773]
 [-1.229018, 2.645773, -1.733482]]

Anti Symmetric matrix (A-A'): (owner=Yes) (Backed by 'tn_sq'=No): 
[[0.000000, 0.805669, -0.430847]
 [-0.805669, 0.000000, -0.486462]
 [0.430847, 0.486462, 0.000000]]
